0	31	0
0	0	0
0	18	14
1	1	1
0	5	28
5	27	22
1	19	15
6	7	10
4	12	10
2	2	2
5	14	4
6	2	25
1	6	29
0	3	16
3	14	24
6	28	23
4	30	24
5	15	17
2	20	16
6	7	6
2	21	18
0	8	11
6	20	7
4	4	23
5	13	11
3	23	12
4	10	30
3	3	3
3	1	6
2	30	2
6	15	5
6	10	7
4	17	6
0	3	26
5	2	31
1	23	0
2	7	30
3	26	26
6	25	20
1	4	17
2	8	0
5	29	6
4	15	25
5	12	13
3	27	21
0	29	24
1	11	5
5	15	3
5	0	25
2	3	20
0	30	26
6	16	18
4	28	12
0	16	24
3	21	17
4	29	15
3	19	20
0	8	7
2	17	16
5	25	24
3	22	19
3	23	15
3	17	21
1	9	12
1	24	20
2	19	6
0	21	8
0	9	17
2	9	13
5	5	24
1	10	14
2	8	7
6	14	12
1	19	29
3	13	8
4	24	13
3	1	2
2	29	3
5	11	31
0	8	0
2	26	14
4	4	4
5	16	20
5	15	2
4	2	7
3	11	7
5	30	27
3	0	3
3	14	3
4	2	4
0	16	6
3	30	26
1	29	19
0	11	8
2	22	17
4	3	28
5	18	7
6	29	8
6	10	2
1	4	27
0	17	8
0	2	2
6	3	0
1	7	20
4	15	26
2	24	1
4	23	6
0	17	22
3	8	31
4	0	19
1	5	29
4	27	27
0	26	2
0	19	10
0	26	21
6	20	13
2	4	30
2	5	18
5	12	6
1	11	27
3	9	1
5	4	18
3	10	29
6	30	7
3	4	3
5	8	2
5	16	26
4	14	5
1	11	2
6	13	14
2	6	20
5	19	5
4	28	22
2	3	16
4	16	31
1	30	25
2	27	27
5	6	27
2	12	6
1	25	31
1	28	28
6	16	4
2	26	21
3	25	9
6	1	26
0	26	24
1	6	11
3	4	21
3	0	22
5	17	11
1	0	27
5	8	3
3	19	16
0	17	19
2	16	17
1	26	29
5	29	13
2	30	27
4	15	14
1	17	25
6	2	28
0	0	1
4	22	18
5	25	6
2	23	2
5	30	16
5	2	16
4	12	7
4	20	21
4	26	0
0	18	21
1	9	8
2	6	9
3	29	19
3	18	17
6	19	22
3	1	17
6	26	25
1	9	18
3	18	6
4	23	20
5	9	23
3	17	8
4	24	16
1	16	1
1	22	16
4	18	22
4	17	10
2	9	31
2	10	13
1	10	10
5	22	3
2	25	21
5	6	8
6	16	22
3	20	7
6	28	16
0	17	1
1	22	9
1	17	0
0	4	22
1	10	18
0	20	16
5	26	12
3	10	14
3	25	28
1	25	2
6	6	25
1	22	8
5	9	31
2	11	15
1	16	11
4	10	20
3	9	8
0	4	4
3	8	3
0	15	13
2	6	17
4	18	1
2	20	30
1	23	11
2	7	1
4	14	9
5	2	1
0	13	16
5	25	14
4	26	24
0	15	11
4	2	3
1	6	15
6	7	27
3	30	4
6	11	12
6	5	25
6	12	0
0	0	25
5	30	20
1	9	1
1	29	9
2	1	25
3	27	15
4	15	0
2	11	0
5	5	5
0	17	11
4	19	10
6	17	21
3	30	22
3	22	17
6	16	3
5	26	16
5	8	24
5	3	8
0	26	16
4	1	19
4	12	8
1	29	16
4	14	13
6	0	28
6	22	4
2	24	2
4	1	4
5	6	19
3	24	22
4	15	4
2	1	14
2	21	30
5	3	5
4	3	13
4	17	5
1	17	7
6	13	6
2	14	9
4	0	27
2	13	9
6	14	5
2	30	20
2	11	25
5	1	13
1	12	9
5	4	10
0	17	16
3	23	18
6	3	20
2	13	3
5	4	29
3	12	23
1	25	16
6	19	8
0	19	2
0	13	6
0	30	9
1	24	25
3	11	13
0	11	3
3	21	14
0	7	4
2	5	28
5	4	25
1	27	7
1	18	9
1	8	23
5	26	17
1	3	3
3	6	30
1	19	5
0	4	1
2	9	0
2	3	31
2	8	21
1	13	11
2	27	26
5	16	27
1	24	28
2	17	9
3	25	2
4	2	28
1	24	21
5	24	7
1	1	27
6	20	10
1	18	23
0	18	15
1	11	23
4	9	0
0	15	28
5	12	20
5	1	20
2	10	16
1	11	13
2	6	30
6	14	2
5	20	30
5	28	28
4	30	21
2	25	7
1	27	3
3	26	2
4	13	14
1	20	11
0	5	3
2	1	0
1	27	22
5	30	30
2	24	23
0	21	14
3	16	1
1	2	0
3	5	31
5	28	29
6	6	4
3	6	19
0	8	31
3	27	14
6	13	7
0	4	29
1	27	0
2	12	28
3	5	20
2	29	0
4	10	2
2	3	12
5	27	5
6	5	19
0	24	22
6	15	19
4	11	30
0	29	28
5	23	15
0	0	8
1	9	30
3	12	2
4	5	4
1	30	4
1	24	24
6	9	3
2	27	13
6	22	18
6	17	27
3	14	18
1	28	24
5	15	6
2	29	17
3	10	4
2	12	3
0	25	25
5	24	22
0	14	15
3	23	4
0	4	7
3	7	21
6	8	8
6	15	30
6	20	6
0	4	15
2	24	22
5	29	23
5	15	9
5	24	14
3	4	17
4	11	4
3	2	8
5	17	0
3	2	23
0	7	30
2	0	26
5	13	26
2	28	19
3	28	28
5	6	29
0	1	10
6	7	28
1	12	16
1	21	2
3	13	7
3	11	24
1	9	22
2	26	0
2	16	13
0	23	13
2	29	29
4	23	7
1	3	25
0	17	5
4	28	2
5	27	29
3	27	22
6	19	25
0	22	18
4	26	10
0	15	17
4	30	17
0	2	27
4	18	15
6	13	31
1	27	25
4	5	15
0	0	29
2	7	12
0	12	6
1	10	25
4	5	22
2	25	15
6	27	25
4	1	23
6	18	26
5	20	15
6	18	12
0	0	30
6	12	12
2	1	28
4	0	31
4	13	6
6	9	4
4	22	25
1	26	16
4	20	17
1	20	10
5	13	29
1	18	20
6	25	9
5	17	22
3	17	18
2	28	25
6	29	26
2	27	30
6	23	7
5	16	9
6	30	14
3	5	27
0	18	7
3	0	28
2	6	2
4	14	6
5	16	15
6	19	18
5	5	23
2	18	26
2	19	7
2	17	1
0	3	29
0	18	10
4	2	14
1	1	2
2	29	14
4	25	30
5	23	19
6	30	4
0	4	25
6	26	7
4	6	24
0	12	21
3	24	3
0	14	19
3	17	4
6	0	17
0	29	31
5	4	17
6	3	17
6	27	24
5	13	30
5	13	8
5	26	6
6	29	11
5	21	22
5	29	24
0	13	30
5	27	1
1	8	1
3	16	22
1	19	22
4	15	7
5	5	30
2	10	9
1	21	27
6	3	10
3	7	10
1	6	28
6	9	18
4	30	20
6	0	16
2	28	29
4	19	18
2	24	20
5	24	1
0	20	23
0	0	4
1	14	24
4	2	18
5	28	14
2	19	28
0	27	26
6	28	12
2	21	22
2	10	19
5	13	12
4	21	27
4	19	7
4	4	19
5	25	13
5	24	21
2	17	19
6	0	20
6	10	24
6	21	23
2	27	9
4	18	9
2	17	20
2	0	23
5	25	17
6	1	19
1	6	8
2	17	2
3	4	10
2	29	7
2	23	17
5	19	27
6	15	1
5	19	23
2	4	29
5	22	24
5	18	11
4	24	30
1	15	5
3	10	0
2	4	0
6	21	2
3	11	14
6	20	17
2	23	24
2	11	11
5	10	25
3	30	5
6	23	4
1	12	30
4	16	3
3	26	22
1	15	1
0	6	16
6	7	9
4	20	20
4	22	12
0	17	23
3	7	17
5	0	7
4	21	8
3	29	27
0	29	25
0	29	17
2	6	13
0	28	28
1	18	2
0	25	18
0	18	0
2	23	10
6	7	17
2	11	7
2	18	1
1	14	21
4	24	31
1	5	23
4	3	10
1	26	5
2	11	19
2	2	31
0	20	8
1	21	17
0	5	13
0	13	12
6	27	13
5	26	19
2	7	19
4	11	15
4	9	14
6	16	14
4	26	29
6	10	13
0	11	21
2	26	3
6	6	10
1	0	25
0	7	26
2	14	8
0	29	14
2	23	9
3	4	24
1	11	10
6	10	0
6	24	23
1	10	11
3	12	16
3	12	27
4	20	10
2	17	12
1	11	3
2	10	27
5	11	21
6	26	4
1	19	9
4	10	9
6	7	24
3	29	13
1	5	5
4	9	31
4	25	29
4	9	4
1	29	5
2	16	27
1	16	14
4	27	17
0	2	10
3	7	18
5	30	2
1	18	30
5	19	2
3	15	27
2	28	30
3	21	31
1	29	27
2	16	9
2	24	12
5	7	21
6	1	16
3	8	2
2	27	12
0	30	6
5	15	10
6	3	25
1	6	3
6	3	2
2	12	21
2	25	8
1	14	17
4	11	8
0	2	16
6	26	15
1	20	28
5	23	30
5	27	25
2	25	18
0	23	17
1	16	12
2	19	14
0	3	5
5	3	4
0	22	17
5	17	12
2	7	16
2	11	5
4	8	8
0	8	28
3	0	4
3	3	15
4	0	5
1	20	14
3	10	21
0	12	13
0	2	23
2	4	11
0	6	26
3	13	18
5	5	27
0	13	1
2	2	0
0	26	13
1	1	26
3	14	28
3	29	12
6	0	21
5	30	23
4	11	11
2	10	2
1	14	14
0	3	30
2	30	10
1	21	31
0	12	2
3	2	26
2	16	14
4	25	8
4	28	16
4	3	30
2	21	26
5	16	1
2	3	19
5	22	14
3	12	1
2	8	11
0	11	4
6	6	6
6	2	1
0	16	30
1	18	12
6	11	13
0	16	10
5	20	11
5	10	29
3	0	10
0	18	22
6	15	8
5	16	12
4	0	23
0	19	16
0	28	0
4	23	18
3	13	1
1	17	18
0	17	4
1	11	6
3	13	0
6	27	17
5	0	0
6	3	27
6	9	25
6	9	0
3	4	25
6	4	9
6	24	27
0	21	0
1	27	17
1	15	6
3	20	1
5	2	20
3	7	29
2	16	31
5	13	9
3	28	18
2	17	8
2	30	17
1	22	20
0	12	7
5	15	14
5	11	4
6	25	5
0	1	29
6	22	19
3	10	18
0	23	5
0	22	21
1	25	12
3	25	3
1	10	0
6	26	22
5	2	5
3	22	12
0	26	17
6	7	20
3	25	27
4	11	29
4	25	23
2	11	4
3	15	20
5	16	5
0	15	31
5	2	23
3	2	15
5	11	28
4	1	8
3	22	31
0	19	20
4	29	18
6	4	6
3	20	22
0	21	22
5	4	14
5	27	23
0	9	5
5	18	6
4	14	12
5	27	12
2	18	8
1	27	11
5	0	8
0	14	7
6	4	1
3	21	28
3	15	10
1	8	19
5	24	11
5	1	28
0	19	24
5	14	28
3	14	10
1	11	30
5	19	30
0	15	6
1	8	16
5	24	15
3	0	21
5	19	20
3	29	6
3	12	26
1	27	4
4	7	5
6	2	14
2	8	29
2	3	27
2	13	10
4	30	27
6	9	7
6	5	11
4	29	4
1	30	21
1	18	17
5	10	7
2	22	22
4	24	19
1	0	28
1	4	16
0	4	21
5	14	11
4	19	17
3	14	4
1	21	6
6	6	7
6	5	30
4	29	0
4	10	31
4	13	24
3	23	26
0	2	31
2	26	17
4	17	31
2	5	11
0	20	9
1	25	9
4	5	29
1	20	3
6	0	13
3	30	25
1	14	7
4	1	1
1	12	29
1	0	10
0	18	11
4	15	12
2	25	26
6	24	10
0	30	20
4	12	14
5	17	7
6	26	11
1	12	4
1	1	16
6	1	29
4	22	15
3	3	7
5	26	2
1	8	5
0	10	15
6	5	8
3	6	29
5	7	29
1	11	9
6	5	26
1	14	28
4	7	12
2	28	8
3	19	26
5	29	9
2	19	10
2	20	9
1	7	13
2	9	24
4	0	20
3	5	13
6	27	18
4	2	11
4	9	7
2	4	4
5	2	30
6	0	6
4	7	31
4	17	27
1	7	24
2	20	6
5	0	11
1	15	15
1	5	2
4	8	4
3	1	23
3	10	1
5	4	4
6	0	23
3	4	0
3	7	6
2	15	7
3	9	22
6	16	8
3	20	19
2	14	12
5	30	26
6	10	21
3	28	27
2	23	23
6	2	0
6	17	28
0	18	17
0	12	9
2	25	29
0	5	21
4	2	29
3	18	10
6	22	29
2	24	16
4	26	3
1	21	20
4	24	24
5	3	29
1	22	13
6	6	0
2	25	22
5	23	5
4	7	6
6	25	8
0	7	25
6	26	21
2	2	28
2	4	15
1	2	5
0	21	11
2	9	14
0	5	24
2	19	24
4	20	28
3	2	30
1	19	16
1	0	17
2	16	28
2	12	24
1	1	12
5	29	21
5	10	1
4	21	9
3	6	18
1	16	29
0	22	7
2	13	13
6	13	21
0	24	29
4	24	6
6	2	21
4	19	3
2	6	23
3	11	17
5	13	23
4	21	1
2	12	14
0	24	18
6	5	4
3	7	31
2	5	31
0	16	13
0	15	3
5	22	31
3	2	22
6	21	31
5	22	13
6	14	6
6	29	29
2	20	12
6	21	19
5	0	22
3	9	9
2	2	20
3	26	8
6	16	25
3	12	30
2	28	4
6	4	16
5	16	6
4	27	3
0	0	12
1	22	5
5	14	15
3	22	2
1	26	15
2	21	12
3	3	4
3	23	8
1	6	4
3	30	29
4	2	21
3	2	1
5	23	12
5	10	18
2	28	23
4	0	16
1	8	9
6	0	31
6	21	24
6	8	19
3	25	24
3	27	26
1	24	10
1	22	15
6	27	0
1	7	0
4	17	2
5	19	19
6	18	30
2	3	1
2	15	11
1	13	21
4	6	0
0	25	21
6	0	2
6	29	30
2	0	15
4	26	7
0	7	5
4	10	16
0	18	18
4	7	20
1	1	6
6	12	1
1	9	0
1	4	13
5	15	28
4	28	15
2	6	10
2	15	10
0	14	8
2	6	27
6	15	26
1	5	30
2	8	4
5	0	1
2	28	1
4	19	28
5	0	26
3	13	29
1	28	9
5	25	28
4	6	21
5	24	25
4	22	1
3	30	1
5	12	27
5	18	18
5	11	3
6	8	26
2	4	1
3	4	13
6	18	2
4	22	7
6	28	6
6	29	12
6	8	5
0	6	20
2	14	23
4	28	19
1	25	23
4	19	25
6	24	2
0	16	20
6	7	5
0	3	19
5	12	31
5	26	5
6	19	1
1	30	29
5	13	22
6	10	17
6	24	16
0	3	23
3	22	24
1	1	9
2	16	21
4	7	13
2	10	31
6	4	27
5	6	9
4	13	3
6	2	15
3	29	23
5	6	5
5	19	6
2	22	11
2	0	5
5	9	6
4	1	30
2	25	25
1	7	31
4	11	12
0	10	4
1	2	19
3	27	11
3	28	14
1	16	15
2	22	14
0	23	19
6	8	16
0	9	13
0	18	28
2	0	1
6	7	31
4	15	19
2	10	6
2	13	2
2	29	25
1	21	16
5	28	7
6	16	7
0	6	19
3	22	5
3	30	18
6	25	1
5	19	12
4	11	5
4	3	17
2	3	2
3	13	4
1	5	19
1	2	15
1	26	26
0	24	30
1	25	20
6	25	23
2	30	21
4	7	2
1	15	16
1	29	26
5	1	27
4	24	5
4	1	15
3	25	31
1	5	8
5	18	21
0	8	17
4	8	22
0	15	0
3	16	9
0	9	9
4	5	7
5	27	15
0	16	31
6	19	15
2	24	27
0	21	7
0	15	10
6	3	3
1	5	16
0	22	10
4	1	0
3	25	23
0	5	14
5	10	11
6	30	24
0	28	8
3	14	31
6	16	10
2	29	21
4	25	15
6	25	15
0	28	15
5	21	3
4	5	18
1	0	13
3	2	12
5	12	5
1	12	8
1	10	24
4	3	9
5	2	19
2	11	22
6	18	1
0	23	24
2	20	13
4	3	24
0	7	22
2	5	29
1	8	31
0	12	10
0	23	27
3	1	27
0	0	26
6	17	14
6	14	27
1	9	15
5	13	1
3	29	20
2	25	1
6	4	2
4	29	29
2	15	0
4	27	28
6	7	30
6	3	28
2	4	19
1	2	11
6	23	21
6	28	27
0	8	29
0	29	3
1	26	12
2	13	17
1	28	16
6	24	24
2	22	3
5	7	7
6	3	14
4	14	8
3	10	3
2	1	22
4	12	25
4	5	28
0	11	15
2	10	23
1	15	12
3	22	6
3	27	1
5	18	24
6	14	16
3	17	14
3	4	14
6	11	5
1	24	14
5	17	25
6	30	29
3	30	30
3	21	24
0	19	9
5	24	8
1	27	24
5	22	6
2	4	26
1	5	1
5	18	17
1	18	6
6	17	9
1	28	13
5	29	3
3	5	23
6	13	18
6	28	30
5	26	23
4	25	5
4	28	23
0	7	0
3	14	6
0	20	26
0	5	27
5	30	15
1	23	19
6	30	3
4	27	13
5	27	11
4	12	11
3	3	18
1	16	18
5	20	22
1	16	19
5	0	18
2	3	9
4	18	26
1	3	28
3	23	29
1	3	31
5	19	16
4	9	24
0	11	29
0	14	0
3	19	19
2	6	16
2	28	26
1	5	12
6	24	17
5	6	16
0	13	20
3	2	9
1	1	30
6	4	12
4	25	18
3	8	13
5	9	12
5	5	9
1	13	7
2	3	23
5	23	22
2	11	26
0	10	2
5	25	3
5	6	23
3	8	30
0	28	4
3	26	16
4	29	1
2	14	26
0	28	26
4	6	20
1	26	11
5	2	24
1	11	20
3	10	7
0	19	27
1	24	17
1	18	13
6	21	16
1	10	4
2	30	3
0	19	13
6	1	22
2	12	17
1	1	31
2	13	27
4	29	22
0	13	13
0	20	30
1	15	13
3	2	29
1	2	18
1	7	10
5	1	0
5	10	12
4	9	28
5	14	7
6	18	15
2	12	0
0	10	5
4	30	31
5	8	31
5	23	26
0	14	5
2	6	28
2	27	17
0	21	19
4	10	3
5	21	18
6	21	20
0	9	31
2	21	11
2	24	26
1	10	3
6	14	30
4	10	27
6	18	19
2	19	21
4	26	22
3	13	11
0	26	10
5	3	0
0	7	18
6	18	23
0	10	29
0	7	15
4	18	19
0	26	3
1	7	28
3	29	26
3	28	3
4	9	6
0	30	27
4	13	10
0	20	5
3	28	31
2	22	25
3	16	30
0	24	8
5	30	12
3	0	0
6	17	10
5	23	9
4	16	6
0	0	15
2	2	6
6	9	14
4	6	28
0	13	27
2	18	25
1	19	8
3	30	19
3	1	10
4	1	29
3	16	26
4	30	10
3	7	3
4	3	3
2	6	5
5	15	7
4	29	25
1	22	22
6	17	16
6	4	20
5	21	28
0	20	19
0	21	12
4	22	4
6	6	24
1	3	14
1	8	13
3	19	27
0	30	16
0	0	11
3	20	8
6	21	6
6	23	28
3	18	2
4	12	22
6	23	17
1	4	30
4	21	30
4	21	12
1	19	11
2	8	8
5	15	24
5	3	15
6	30	11
2	21	1
2	2	3
2	29	28
4	22	11
3	30	15
5	20	23
2	26	25
5	26	31
4	18	18
1	14	10
6	24	20
1	30	14
3	9	15
0	0	5
0	3	12
1	5	9
1	5	26
1	7	3
3	18	27
0	27	8
4	23	24
4	11	26
5	7	25
5	17	1
5	28	11
1	13	22
3	18	24
5	6	4
4	25	4
4	12	21
6	2	22
1	15	20
5	3	26
5	1	14
4	18	5
4	8	5
0	6	30
0	1	18
0	15	14
5	7	15
1	30	0
1	9	5
0	20	15
6	5	18
5	24	0
3	2	16
0	4	18
6	23	29
1	29	20
0	28	25
3	0	14
4	17	20
6	14	31
3	4	6
5	18	14
6	14	9
6	21	9
6	4	13
6	27	7
1	28	20
6	27	14
0	30	12
0	11	7
4	1	18
6	22	23
6	6	21
6	11	9
6	30	25
0	8	14
1	24	0
1	14	31
5	2	27
5	22	20
6	28	2
0	27	15
4	6	6
2	9	2
3	4	27
0	14	11
4	17	23
2	3	13
4	16	24
2	20	23
0	26	23
0	4	0
5	16	8
2	4	22
4	25	22
6	6	31
6	4	26
5	29	2
3	11	10
4	19	21
1	2	8
2	22	28
3	8	23
2	18	18
0	4	11
6	12	19
5	3	11
4	8	11
1	2	22
6	9	1
2	7	29
3	28	0
3	5	19
0	10	19
0	23	16
0	9	3
5	0	21
1	12	26
6	19	29
0	1	17
4	9	11
5	17	14
3	29	30
6	13	4
6	20	18
5	20	19
1	23	25
3	9	26
3	25	21
4	2	31
6	9	28
6	25	2
2	27	2
3	12	9
1	21	24
4	29	11
4	22	8
1	1	5
6	12	26
2	29	18
2	15	25
3	2	2
3	28	24
5	3	19
6	20	11
0	2	13
6	29	15
5	20	5
3	11	21
3	20	29
1	7	7
5	29	10
1	28	27
4	19	22
3	17	17
0	29	13
6	2	11
0	6	2
3	22	23
4	16	0
2	17	23
3	11	20
4	2	25
3	7	4
6	14	13
0	8	4
4	23	31
5	22	28
2	30	13
2	3	5
5	20	8
0	27	19
6	10	6
5	5	20
6	7	13
4	1	26
6	26	14
2	3	26
1	2	12
6	25	22
1	3	21
5	3	25
3	18	20
2	7	22
5	11	18
0	1	21
2	27	31
6	22	15
0	11	25
3	8	10
5	12	3
0	22	24
3	1	30
1	26	1
3	28	10
5	11	25
2	1	1
5	19	10
4	19	4
0	6	6
3	18	21
5	1	10
3	15	31
3	1	24
6	7	3
1	29	12
6	26	18
5	6	12
1	2	25
0	2	20
1	6	21
1	26	30
2	7	9
2	0	29
4	10	24
3	18	3
4	0	9
5	6	2
4	5	11
0	5	20
1	30	28
3	30	8
6	4	19
5	3	18
3	24	18
4	25	19
5	9	8
6	20	28
5	26	20
6	15	11
0	16	2
6	10	9
5	28	3
6	20	24
0	21	29
4	17	9
3	5	30
6	27	21
5	23	20
6	23	25
0	16	12
4	16	18
6	19	12
1	17	3
5	11	24
5	25	31
0	11	10
5	28	21
2	16	6
6	29	4
0	29	10
4	11	1
0	21	25
1	18	10
3	5	1
1	22	30
5	12	24
0	22	3
5	18	10
5	1	25
4	12	15
4	6	31
5	22	21
0	21	18
0	28	22
1	8	20
3	24	25
6	24	21
4	15	22
3	12	12
0	24	26
4	16	14
6	11	26
1	17	13
3	26	20
4	0	6
5	17	19
3	10	8
0	24	5
0	20	13
0	1	28
2	13	31
2	18	4
1	24	13
5	17	4
6	12	25
1	1	20
4	27	23
6	26	0
1	12	23
2	16	2
1	12	11
5	19	13
1	7	17
6	29	22
6	18	27
0	8	10
3	17	7
5	30	29
5	21	21
0	30	5
4	19	15
5	23	13
1	30	11
0	13	19
1	18	24
5	12	2
4	25	25
4	8	18
1	22	26
6	22	5
6	1	8
2	19	11
3	0	24
5	22	9
4	6	2
1	4	2
4	30	28
2	23	31
5	4	21
1	30	26
6	13	25
0	30	19
1	30	18
1	23	4
1	19	30
3	7	14
6	19	11
5	22	17
1	29	29
6	2	26
3	21	21
2	19	3
5	13	16
2	20	19
1	26	19
5	7	0
0	28	29
1	19	1
6	23	22
2	29	11
3	24	11
1	22	19
2	14	11
0	8	18
1	29	23
0	12	28
3	12	8
2	9	21
5	21	10
3	19	2
4	25	26
4	27	31
2	15	22
0	25	22
3	6	8
5	25	0
5	16	23
0	10	23
2	6	24
4	13	13
2	7	23
5	4	11
1	25	27
0	30	2
2	27	6
5	17	15
1	7	2
3	12	20
0	12	27
6	4	31
3	3	0
2	18	14
1	9	25
1	21	9
4	27	21
1	1	23
2	22	18
5	1	7
5	20	12
1	6	14
6	18	20
1	6	7
1	14	13
4	11	9
4	4	9
0	28	14
1	25	6
1	24	31
6	27	20
1	21	14
5	18	25
3	8	20
1	2	29
5	25	18
5	12	16
3	14	0
4	26	18
5	10	15
3	19	5
6	20	0
0	17	15
2	25	14
2	11	18
5	27	30
6	18	5
6	28	5
0	11	14
0	13	26
3	25	20
1	12	22
2	2	21
2	15	4
3	27	4
5	28	24
3	23	22
0	7	11
0	27	1
3	28	25
2	1	26
2	13	24
5	17	8
1	8	27
3	17	3
6	26	26
3	15	9
2	13	12
2	10	5
1	30	15
6	20	14
4	14	20
3	24	10
2	8	18
0	5	31
4	5	25
0	30	23
1	20	15
2	12	11
0	19	28
4	12	3
0	11	1
1	9	11
3	24	15
0	25	24
4	18	8
6	9	11
2	11	12
6	0	30
6	25	30
4	13	17
6	22	22
1	8	2
4	13	28
1	0	6
5	30	8
5	21	11
5	20	16
5	29	27
3	18	13
6	24	14
4	27	24
2	12	4
2	0	12
5	10	19
3	11	28
1	14	20
4	7	16
6	12	22
2	19	25
0	25	7
0	27	5
6	13	3
1	28	3
2	20	10
5	26	26
2	22	29
5	11	10
5	9	19
6	9	8
0	8	25
2	23	27
6	16	28
4	30	14
0	23	6
5	21	15
2	6	6
0	2	9
1	27	10
5	10	0
3	20	12
5	14	8
5	26	30
4	1	25
1	18	31
5	10	5
6	23	10
2	9	27
2	30	6
5	7	3
1	19	26
3	17	28
2	5	3
6	28	19
2	17	15
5	0	29
1	28	23
5	28	18
3	24	0
2	5	10
1	3	11
6	5	22
4	29	21
4	8	19
2	0	27
4	4	30
6	0	3
0	14	26
0	11	11
2	19	31
1	0	20
0	0	18
6	20	3
2	0	19
4	6	17
4	16	28
2	24	5
3	13	26
3	29	31
2	20	31
2	20	5
4	22	0
4	8	15
3	4	7
2	30	28
0	20	12
0	11	0
3	17	10
6	23	18
1	23	29
3	25	13
2	30	30
2	23	13
6	8	22
0	3	27
3	11	31
0	2	17
4	22	22
5	9	13
4	9	3
3	20	4
4	11	16
3	28	13
6	14	17
5	9	27
1	0	7
3	21	20
0	12	24
6	16	11
2	27	20
2	7	26
0	4	26
6	8	1
5	5	16
2	7	4
1	29	30
0	16	23
0	4	3
2	20	2
4	21	26
3	13	22
0	24	23
6	3	7
3	26	9
3	30	12
5	18	13
2	15	18
4	25	12
6	22	30
5	12	9
2	23	20
0	16	16
1	3	17
3	15	12
4	7	26
0	27	16
1	9	19
5	4	0
2	21	29
2	30	24
3	9	16
6	24	31
1	13	29
6	24	28
6	28	26
4	13	9
3	21	18
3	26	19
3	10	22
6	6	18
1	24	18
6	22	11
3	17	11
2	17	13
4	20	3
3	2	19
3	20	15
5	26	27
5	10	26
1	4	6
5	28	0
6	7	23
6	4	5
3	16	23
4	18	30
1	23	18
1	26	23
0	8	3
6	18	13
4	7	9
3	28	6
3	8	17
6	26	1
4	14	26
3	12	6
6	17	24
0	3	8
5	9	9
1	11	24
5	9	30
1	9	29
3	7	25
3	3	14
4	1	5
5	14	14
1	7	14
4	4	16
3	8	24
5	6	1
5	1	6
6	5	12
0	0	23
2	21	15
2	26	28
2	2	25
4	11	22
1	0	3
2	4	8
1	13	14
3	28	7
0	12	3
1	3	24
6	18	16
4	23	17
3	5	12
2	8	3
2	18	29
1	7	27
4	13	21
6	23	11
4	14	19
1	13	28
4	28	30
6	6	28
0	5	0
6	8	29
1	14	2
4	4	1
5	8	20
3	3	1
3	19	15
4	4	27
1	27	14
2	10	26
1	22	27
2	2	27
2	22	10
3	18	31
4	15	29
5	28	22
6	13	24
4	30	13
2	2	24
4	8	1
0	1	22
3	23	19
2	24	9
6	0	24
6	2	8
3	2	5
5	12	12
6	21	13
2	26	18
3	11	3
2	7	15
4	15	15
2	15	15
0	19	21
4	6	10
1	4	31
2	7	8
4	20	24
3	0	11
2	15	14
1	15	23
2	22	0
5	12	10
3	15	16
1	13	3
5	5	10
5	11	7
4	3	27
1	29	15
2	26	31
3	17	15
2	26	7
5	30	9
5	26	9
2	25	0
2	29	22
5	29	17
0	28	21
6	26	8
5	4	31
2	22	15
2	14	5
3	22	27
6	19	26
3	25	16
6	17	2
4	9	21
1	4	23
3	4	20
2	3	30
3	5	26
6	23	15
6	26	19
1	3	4
4	13	2
6	13	17
6	21	5
3	9	12
4	15	1
1	20	18
1	12	5
5	27	19
4	6	7
0	7	7
6	11	16
4	8	25
0	3	2
4	20	6
6	25	19
1	17	31
0	21	1
5	8	28
2	19	13
1	18	16
5	13	19
0	12	14
3	26	15
5	7	14
1	17	11
3	12	19
5	0	4
6	21	12
6	28	31
0	15	25
6	11	30
0	19	6
4	10	5
4	1	11
0	29	6
0	16	5
1	19	23
1	12	15
6	23	3
0	16	9
1	14	27
4	20	31
6	17	13
4	26	21
3	11	9
5	1	24
2	13	23
4	14	16
1	20	17
3	3	22
3	9	29
1	29	1
3	16	5
0	22	31
5	24	19
4	28	5
2	26	20
4	14	2
6	29	25
6	15	23
2	18	19
4	24	23
2	16	20
1	18	5
1	8	12
1	7	6
2	12	7
1	28	2
1	25	13
4	14	1
4	29	26
3	1	3
0	28	18
3	2	27
5	9	1
6	1	1
3	14	25
6	16	21
0	4	28
6	18	9
1	3	29
0	10	26
2	9	28
4	7	1
0	10	1
4	18	4
3	15	30
4	5	26
0	27	27
2	24	8
0	5	10
4	16	10
2	18	15
0	25	28
3	14	13
6	30	0
1	22	1
3	11	6
6	17	20
2	28	18
2	0	16
2	17	5
2	16	7
0	21	15
1	8	30
4	21	2
5	15	21
6	16	0
6	3	21
4	25	11
0	24	1
4	8	30
3	9	19
2	7	2
3	17	0
1	6	0
6	12	15
6	14	10
5	6	26
5	4	24
4	29	19
1	0	24
1	10	31
3	18	9
2	21	16
4	7	23
3	0	18
3	13	12
1	23	1
2	23	21
1	20	29
3	16	4
1	13	8
5	13	4
4	0	12
6	16	15
1	12	2
0	24	15
6	12	5
2	10	12
6	6	3
0	26	6
4	25	16
0	18	4
1	2	30
1	26	25
1	16	8
0	23	20
5	19	9
0	10	22
4	11	19
0	10	12
4	19	29
1	24	6
3	12	13
1	0	31
1	23	22
0	1	31
5	5	3
2	26	13
0	26	31
1	28	31
4	26	4
5	14	18
4	22	14
2	11	1
0	23	23
5	21	17
0	27	23
2	9	3
4	23	21
6	3	6
5	14	29
1	23	21
4	23	13
2	1	7
6	6	29
1	27	18
6	0	9
0	20	1
0	8	21
6	22	12
0	2	24
4	26	28
6	21	17
3	29	16
5	12	30
6	30	28
0	9	24
5	26	24
4	19	14
5	11	11
3	12	5
0	25	15
4	12	28
4	16	21
5	28	25
4	15	8
6	17	6
3	13	5
4	4	22
1	16	0
3	1	13
3	24	29
6	3	24
6	11	20
2	16	3
4	3	16
4	12	29
5	28	10
6	12	29
2	15	21
4	4	29
5	2	9
5	8	17
1	27	28
4	23	0
0	13	23
1	18	27
1	20	21
3	20	26
4	24	12
5	30	19
1	26	8
1	30	22
0	5	7
1	28	6
5	14	0
4	21	23
0	14	4
5	20	1
1	22	23
2	29	4
3	15	2
6	5	15
3	21	11
4	30	6
6	28	24
6	27	27
6	17	31
1	10	6
3	23	30
0	25	4
6	19	7
6	12	11
1	6	18
5	15	13
6	10	20
0	30	24
6	28	13
0	10	9
0	9	10
3	19	9
1	9	26
0	18	8
2	28	12
3	24	28
1	15	26
6	1	9
0	17	29
1	27	29
1	15	8
5	0	15
6	29	5
0	5	2
1	24	7
6	1	15
4	22	29
6	22	16
6	2	4
4	16	11
3	7	7
2	2	14
2	9	20
1	3	10
4	4	26
6	25	12
2	28	11
3	10	10
6	2	29
6	11	1
3	24	7
1	20	25
4	21	13
6	10	3
6	15	29
6	15	9
2	30	9
4	15	11
6	27	31
0	16	17
2	12	31
5	2	26
2	3	24
6	20	31
2	19	0
1	15	30
1	16	7
6	11	6
5	24	4
2	9	17
0	24	11
5	25	21
6	25	16
3	10	28
2	14	19
4	1	22
3	0	7
3	28	17
6	20	21
6	8	4
4	26	11
4	30	7
2	20	27
4	23	10
4	13	27
4	18	29
4	23	14
2	28	5
3	6	4
1	2	26
5	8	6
0	29	20
1	21	21
0	3	15
3	18	16
5	5	6
3	9	30
6	1	30
1	4	10
3	4	28
2	29	24
0	11	28
3	14	11
6	29	19
5	25	10
5	0	28
4	25	1
5	4	7
0	10	8
3	6	11
4	28	8
0	6	12
2	4	12
3	8	6
5	30	5
0	6	23
0	14	14
2	0	22
5	30	22
1	14	6
2	19	18
5	9	20
5	1	31
6	11	8
3	1	28
1	23	15
3	23	23
5	5	31
3	6	5
5	25	20
0	1	4
6	4	23
2	1	29
1	15	27
4	28	20
2	5	17
1	12	12
3	23	5
1	5	22
3	20	0
5	4	3
6	15	12
2	1	21
5	13	5
5	20	18
1	1	19
2	11	29
4	15	5
0	21	4
0	25	14
2	22	7
3	1	20
4	9	17
0	7	8
5	7	18
0	23	9
0	6	31
5	17	29
0	12	20
5	30	1
3	25	6
6	17	17
5	11	0
4	14	27
1	14	9
5	14	25
4	30	0
4	30	25
4	24	27
3	21	0
4	17	17
1	3	0
3	21	6
5	7	4
3	27	18
5	23	1
6	2	18
5	18	0
5	9	16
2	21	23
3	6	12
4	5	8
2	28	22
1	21	10
3	0	29
3	10	11
2	26	10
1	21	13
6	8	12
5	6	30
1	12	1
4	27	6
2	21	4
4	18	11
1	2	1
0	1	14
0	24	19
3	6	1
4	0	26
2	24	30
6	7	16
2	15	8
4	26	14
1	23	26
5	2	2
3	0	31
4	9	10
2	13	30
3	24	14
4	20	2
2	1	11
0	9	23
1	10	21
1	19	12
1	4	28
6	22	26
5	16	13
4	12	0
5	3	1
3	26	27
1	3	18
5	27	26
0	25	11
5	23	23
5	2	13
1	0	21
6	10	14
2	21	5
5	13	15
5	10	4
5	29	28
6	18	8
4	21	5
4	17	16
0	27	12
5	12	17
3	24	4
2	13	5
4	29	14
3	26	12
2	2	17
0	15	18
3	17	25
0	2	30
6	10	28
1	5	15
5	23	16
2	1	8
3	24	17
4	4	8
4	22	21
4	24	2
6	27	3
1	13	25
0	25	10
2	9	6
0	17	12
1	29	2
1	11	16
3	28	21
0	14	12
0	6	9
3	8	27
1	11	31
4	7	30
1	5	27
3	9	2
6	8	30
0	9	2
5	17	18
2	12	10
6	6	17
6	6	14
0	6	27
3	8	5
6	19	4
2	15	29
2	30	31
3	15	5
5	8	13
1	17	24
2	0	9
3	29	9
1	5	4
0	21	21
4	20	27
3	21	3
0	7	12
6	30	10
5	22	27
5	22	16
3	20	11
4	14	23
1	20	0
3	21	10
1	25	24
0	13	9
2	8	14
0	4	8
2	17	26
3	10	25
4	27	10
4	5	3
5	1	21
4	0	13
6	5	29
4	6	14
6	19	14
2	1	15
0	28	19
3	16	19
4	17	13
5	3	12
5	26	13
3	0	17
5	10	8
0	23	31
4	21	19
3	5	5
6	13	10
3	15	23
6	3	31
3	24	21
4	28	1
0	1	7
1	17	17
4	2	10
5	8	0
2	4	18
6	8	2
5	18	28
4	16	13
5	19	17
2	8	25
5	8	27
2	11	8
3	21	7
1	28	17
2	27	23
6	1	12
2	10	20
4	28	9
2	16	16
6	5	1
1	16	22
2	6	3
3	22	30
1	2	4
5	9	5
3	0	25
0	1	11
4	2	24
4	10	17
5	21	14
4	11	2
0	25	0
1	0	0
6	5	5
2	14	30
0	28	11
0	1	24
0	25	29
3	9	23
4	5	1
0	29	27
4	2	17
4	8	7
5	14	10
4	27	2
3	16	8
4	22	19
3	15	17
4	10	23
4	27	20
6	28	9
0	17	9
4	11	23
4	0	24
4	21	20
0	7	19
3	14	21
3	15	13
2	25	19
2	9	7
6	0	27
0	23	12
0	0	19
0	11	22
4	18	12
5	17	26
4	29	28
3	18	14
6	12	18
3	24	24
5	21	4
2	30	23
0	3	1
4	3	20
6	29	18
0	18	29
4	21	16
2	20	20
1	19	18
6	27	28
1	28	10
1	13	10
6	11	27
4	20	9
3	26	30
2	5	7
6	9	22
1	6	22
6	29	1
0	6	1
5	3	30
0	8	24
0	0	22
4	19	11
0	5	6
3	3	8
0	23	30
4	17	24
4	24	17
3	25	17
5	19	31
1	10	17
5	27	4
2	24	19
1	14	3
2	22	21
2	27	24
4	16	7
5	25	25
1	9	4
3	13	19
6	4	30
0	19	14
3	11	2
2	23	14
5	8	10
5	24	29
0	7	1
4	29	7
4	28	26
3	26	23
4	9	18
3	6	15
6	24	6
0	27	2
1	21	28
5	8	7
5	15	27
4	20	14
0	26	9
4	13	7
0	17	30
1	8	26
0	18	25
5	27	18
0	27	22
1	4	9
3	28	20
3	3	29
6	10	10
6	30	17
3	5	16
2	12	25
1	19	4
2	3	6
6	10	31
0	22	28
1	22	12
2	10	30
4	8	12
3	10	15
4	8	26
6	11	23
1	6	25
4	4	15
6	15	22
3	20	25
5	2	6
4	17	12
5	21	29
6	15	15
3	6	25
4	3	31
2	8	15
5	23	27
2	20	17
5	5	17
2	16	10
2	1	18
4	9	25
5	6	22
3	17	29
6	7	2
2	27	5
3	13	25
6	2	7
4	8	29
2	2	13
0	6	13
4	5	0
6	30	22
1	1	24
1	3	7
6	11	2
3	22	16
1	17	28
5	22	10
3	27	29
5	7	28
4	7	19
3	3	26
0	21	26
2	17	30
5	12	23
3	7	0
1	23	8
2	1	4
1	25	17
3	14	14
3	5	9
3	19	23
0	14	22
2	14	15
4	10	6
1	25	30
4	29	8
1	28	21
5	25	7
1	13	4
2	24	15
0	3	22
2	4	25
0	2	3
5	20	4
0	19	17
3	5	6
3	7	24
5	24	18
4	7	27
4	12	18
4	6	13
4	30	3
6	14	24
3	9	4
6	15	4
5	22	2
3	19	30
2	10	8
3	13	15
2	8	28
6	21	30
1	25	19
5	14	22
1	15	19
0	6	5
0	24	12
2	0	2
4	8	0
5	15	20
0	2	28
3	6	0
2	14	29
1	23	7
1	17	14
5	29	31
5	16	19
1	16	4
0	7	29
5	15	31
6	23	0
1	6	1
5	11	14
4	3	23
0	9	30
3	6	22
0	22	0
2	15	3
3	30	11
6	23	14
5	5	2
6	17	3
0	15	7
6	9	21
3	18	28
0	30	30
4	4	2
0	27	30
3	21	13
4	20	16
3	22	20
0	22	20
5	5	28
6	19	0
6	1	23
2	28	15
6	8	23
4	10	10
3	11	27
3	14	7
3	3	21
2	23	28
1	15	2
4	27	9
3	3	28
0	26	27
0	17	26
3	23	11
0	29	21
4	13	31
4	19	0
2	14	1
3	29	5
5	16	30
6	24	3
0	5	17
6	29	23
6	8	9
6	17	7
0	14	25
0	26	28
5	28	4
5	0	14
5	1	3
1	1	13
3	3	25
2	9	9
2	23	6
5	9	2
1	29	8
6	15	16
1	2	23
0	14	29
4	23	3
4	24	20
1	13	18
2	27	16
3	25	10
3	22	9
3	22	13
0	1	25
0	20	20
4	4	5
0	3	9
6	10	27
4	24	9
4	3	6
3	27	7
2	7	5
6	13	13
0	13	5
4	0	30
0	22	14
2	5	4
5	3	22
3	27	19
2	22	4
4	3	2
4	12	4
1	10	28
6	24	13
3	8	16
6	22	8
6	11	19
5	16	16
0	13	8
3	29	24
3	16	16
4	6	3
5	1	17
1	20	22
1	27	21
2	9	10
5	7	11
3	26	5
0	1	0
2	5	0
5	6	15
0	22	25
3	8	9
3	19	1
0	9	20
5	21	25
4	2	0
4	26	25
4	1	12
1	20	4
4	28	27
3	16	15
2	23	3
2	25	11
2	16	24
0	4	14
2	23	16
3	23	1
6	24	9
0	28	1
6	13	11
0	10	30
2	8	1
4	16	17
5	5	13
5	18	3
2	14	4
1	30	8
6	20	20
6	6	11
4	21	15
0	19	31
6	12	8
1	16	25
3	4	2
5	4	28
1	0	14
3	16	12
2	30	16
3	20	18
2	14	22
3	27	0
3	1	9
5	7	1
4	18	16
1	10	7
1	26	22
3	27	8
0	15	21
0	1	3
6	0	10
4	20	13
0	30	31
6	27	10
2	8	22
3	1	16
3	26	1
2	14	16
5	27	8
3	30	23
2	13	20
1	8	6
6	30	18
4	16	25
5	11	17
1	29	22
5	28	17
1	19	19
0	27	9
3	19	8
5	8	21
6	5	0
6	30	21
2	2	7
3	23	16
0	9	16
0	13	2
3	15	6
2	12	18
2	10	1
4	23	28
3	27	25
2	5	14
0	20	27
3	19	13
6	16	29
4	26	17
2	27	19
5	29	16
0	18	3
6	21	27
3	7	11
5	10	22
5	14	21
3	16	11
2	5	24
4	22	26
1	15	9
4	5	21
1	26	4
3	7	28
3	4	31
0	2	6
0	16	27
4	6	27
6	20	25
2	6	31
0	24	16
2	18	22
3	9	5
0	27	20
1	23	14
6	1	2
2	4	5
3	6	26
3	29	2
5	14	3
1	9	7
5	20	29
0	14	18
1	30	1
6	1	27
0	22	6
4	15	18
4	14	30
4	10	13
2	5	21
2	29	10
5	16	2
2	17	27
6	26	29
2	21	19
5	18	31
5	7	22
2	13	6
0	14	1
6	25	26
6	28	20
1	13	0
5	23	2
5	7	8
6	25	27
4	0	2
1	8	8
0	28	7
6	13	28
0	12	17
2	21	8
6	19	19
5	9	26
2	26	6
6	12	4
1	4	3
1	21	3
0	9	27
5	21	7
6	12	7
3	5	2
0	26	20
2	25	4
4	5	14
2	18	0
3	1	31
0	19	3
1	22	2
6	3	13
5	23	8
6	9	29
4	4	12
0	29	7
3	20	14
0	15	24
0	30	13
2	19	17
2	0	8
0	9	6
6	14	20
3	19	12
1	7	21
1	13	15
1	12	19
3	15	24
4	27	16
2	18	7
5	29	20
6	8	15
1	11	17
2	26	24
2	18	12
1	26	18
5	20	26
4	13	20
3	21	25
0	25	3
6	1	5
5	19	24
1	17	21
0	22	13
2	5	25
0	8	6
0	29	0
3	14	17
1	4	20
1	16	26
4	17	30
6	13	0
0	12	31
5	24	26
6	27	6
1	20	7
1	25	5
0	20	2
5	11	6
1	24	3
2	0	30
5	2	12
3	3	11
6	14	23
1	30	7
2	18	11
0	11	18
1	17	6
0	10	16
0	25	17
2	20	24
4	18	23
1	4	24
2	13	16
3	16	29
4	23	25
0	24	4
0	23	2
2	2	10
1	17	10
6	9	15
3	17	22
2	15	28
6	22	1
5	8	14
5	21	0
